960
-644
-547
994
-93
-935
696
490
-1009
159
905
-742
-428
1017
-225
-872
785
367
-1022
290
835
-828
-304
1022
-354
-796
864
239
-1019
415
750
-897
-175
1011
-477
-705
928
108
-998
534
655
-955
-42
981
-591
-603
976
-25
-960
643
548
-995
91
935
-695
-491
1007
-157
-906
740
430
-1017
224
873
-785
-369
1022
-288
-836
826
306
-1023
353
796
-863
-242
1019
-413
-752
897
176
-1011
475
707
-928
-111
998
-533
-657
954
43
-982
589
604
-976
24
961
-643
-550
994
-90
-936
693
491
-1008
155
906
-739
-432
1016
-223
-874
783
370
-1022
286
837
-826
-308
1022
-351
-797
862
243
-1019
412
753
-896
-178
1011
-473
-708
927
112
-999
532
658
-953
-44
982
-588
-605
975
-21
-961
641
550
-994
89
936
-692
-494
1007
-153
-907
738
434
-1017
221
874
-782
-373
1022
-285
-838
824
309
-1023
349
798
-862
-246
1019
-411
-754
896
178
-1011
471
709
-926
-113
999
-531
-660
952
46
-983
586
605
-975
20
962
-640
-552
993
-87
-937
690
494
-1007
152
908
-737
-435
1016
-219
-875
781
374
-1022
284
839
-824
-310
1023
-347
-800
861
246
-1019
409
754
-895
-180
1011
-470
-710
926
114
-1000
528
661
-952
-49
983
-585
-608
975
-18
-963
637
552
-993
85
938
-690
-496
1006
-151
-909
736
436
-1017
217
876
-780
-375
1021
-282
-840
822
312
-1023
346
800
-861
-248
1020
-408
-756
894
182
-1012
469
711
-925
-116
1000
-527
-662
951
50
-984
584
609
-974
18
963
-637
-555
992
-83
-939
689
496
-1007
150
909
-735
-437
1016
-216
-877
779
376
-1022
280
840
-822
-314
1023
-345
-801
859
249
-1019
405
757
-894
-184
1012
-468
-713
924
118
-1000
526
663
-951
-52
984
-582
-611
973
-15
-963
636
555
-992
82
939
-687
-498
1006
-147
-910
733
439
-1016
215
877
-778
-378
1021
-278
-842
820
315
-1023
343
801
-859
-252
1020
-405
-759
893
185
-1012
466
714
-924
-120
1000
-526
-665
950
52
-985
581
611
-973
14
964
-635
-558
991
-81
-940
685
498
-1006
146
911
-733
-441
1016
-213
-878
777
379
-1022
277
843
-820
-317
1022
-341
-803
857
253
-1020
404
759
-893
-186
1013
-465
-715
923
121
-1001
524
666
-950
-54
984
-579
-612
973
-13
-965
633
558
-991
79
940
-685
-501
1006
-144
-912
732
441
-1016
211
879
-776
-380
1021
-276
-843
819
317
-1023
339
804
-857
-254
1020
-402
-760
892
188
-1013
463
715
-923
-122
1001
-522
-667
949
56
-985
578
614
-972
11
965
-632
-560
991
-78
-941
684
502
-1006
144
912
-730
-443
1015
-209
-881
775
381
-1022
274
844
-818
-319
1023
-338
-805
856
255
-1021
400
761
-891
-190
1013
-463
-717
921
124
-1001
520
667
-949
-58
985
-577
-616
972
-10
-966
630
560
-991
76
942
-683
-504
1005
-141
-913
729
444
-1016
209
881
-774
-383
1021
-273
-845
816
321
-1023
337
806
-855
-257
1020
-398
-763
890
192
-1013
461
718
-921
-126
1002
-520
-669
948
59
-986
576
617
-971
9
966
-630
-563
990
-75
-942
681
504
-1005
140
914
-728
-447
1015
-207
-882
773
383
-1022
271
846
-816
-323
1023
-335
-807
853
259
-1021
397
764
-889
-193
1013
-459
-719
920
128
-1002
518
670
-949
-60
987
-574
-618
971
-7
-966
628
564
-990
74
943
-680
-506
1004
-140
-915
727
448
-1015
206
882
-772
-386
1021
-270
-847
815
323
-1023
334
808
-853
-261
1020
-396
-765
889
194
-1014
457
720
-920
-129
1003
-517
-672
947
62
-987
572
618
-971
5
967
-627
-565
989
-72
-944
679
507
-1004
138
915
-726
-449
1014
-204
-884
770
386
-1022
269
848
-814
-325
1023
-332
-810
852
262
-1021
395
765
-888
-196
1014
-456
-721
919
130
-1003
515
673
-947
-65
987
-572
-620
969
-3
-968
625
565
-989
70
944
-678
-510
1004
-137
-916
725
450
-1015
201
884
-770
-389
1021
-267
-848
812
326
-1023
331
810
-852
-263
1021
-393
-767
887
198
-1014
455
723
-918
-132
1003
-514
-674
945
66
-988
571
622
-970
2
968
-624
-568
988
-68
-945
677
510
-1004
136
916
-724
-452
1014
-201
-886
769
389
-1021
265
849
-812
-329
1023
-330
-811
850
265
-1021
391
767
-886
-200
1014
-454
-724
917
134
-1004
512
675
-946
-68
987
-569
-624
968
-1
-968
623
569
-988
67
945
-676
-512
1003
-134
-917
724
453
-1014
199
886
-768
-391
1021
-265
-851
811
329
-1024
328
811
-850
-266
1021
-390
-770
885
201
-1015
452
723
-917
-136
1003
-512
-677
945
68
-989
567
624
-968
-3
969
-622
-571
987
-66
-946
673
512
-1003
132
918
-723
-456
1014
-198
-887
766
392
-1021
263
851
-810
-332
1023
-326
-813
848
266
-1021
389
770
-885
-202
1015
-450
-725
916
137
-1004
510
678
-944
-70
988
-566
-625
967
3
-970
620
571
-988
64
947
-673
-514
1003
-130
-919
721
456
-1014
195
887
-765
-395
1020
-262
-852
809
331
-1024
324
814
-848
-269
1021
-387
-771
884
204
-1015
449
726
-916
-138
1004
-508
-679
943
72
-989
565
627
-967
-5
971
-619
-573
987
-62
-947
672
516
-1003
129
920
-721
-457
1013
-194
-889
764
396
-1021
261
852
-808
-334
1023
-323
-815
847
269
-1022
385
772
-883
-206
1015
-448
-728
914
140
-1005
506
679
-943
-74
989
-564
-629
966
6
-971
618
574
-987
60
948
-671
-518
1001
-128
-920
719
459
-1013
193
889
